"30343963","BÁN GẤP CĂN HỘ 1PN - 2PN - 3PN EMERLAD CELADON CITY GIÁ NGỘP MÙA COVID-19. LH: 0917 817 ***.","Cập nhật giỏ hàng bán căn hộ Emerald Celadon City giá ngộp mùa Covid-19.

*Loại 1PN+1WC - Giá: 2.5 tỷ. (Bao Hết)

* Loại 2PN + 1WC - Giá: 3.230 tỷ. (Bao Hết)

* Loại 2PN + 2WC - Giá: 3.3 tỷ. (Bao Hết)

* Loại 3PN + 2WC - Giá: 4.5 tỷ. (Bao Hết)

* Loại Duplex - Giá : 4.150 tỷ (Bao Hết)

* Giỏ hàng có nhiều căn giá ngộp vì dịch Covid. Cam kết trao đến khách hàng những sản phẩm Giá Tốt Nhất thị trường. *.
- Emerald tọa lạc tại vị trí đắc địa: Liền kề Aeon Mall Tân Phú 2p đi bộ, Cách sân bay Tân Sơn Nhất 15p, cách trung tâm Quận1 20p.
- Công viên cây xanh Celadon City rộng 16ha đã hoàn thiện, lớn nhất khu Tây của TP. HCM.
- Khu phức hợp thể thao với đầy đủ loại hình như: Hồ bơi olympic, phòng xông hơi khô, ướt, phòng gym, sân cầu lông, tennis, bóng đá đã hoàn thiện, nhà hàng triển lãm, Coffee ngoài trời, Club House,
- Hệ thống trường học liên cấp: Trường Quốc tế Á Châu, trường Nguyễn Khuyễn, trường mầm non Mapple Bear, trường THCS Tôn Thất Tùng, THPT Lê Trọng Tấn.
- Phòng khám bác sĩ gia đình Hoàn Mỹ Celadon.
- Tiện ích nội khu như: Khu nướng BBQ, làng ẩm thực, xe điện đưa rước miễn phí, khu thể thao ngoài trời, Đảo thiên đường trẻ thơ, Quảng trường, suối lười, vườn rau, con đường thư giãn,
- Dự án Celadon City được vinh danh là khu căn hộ cao cấp đáng sống nhất ở Việt Nam bởi chủ đầu tư Gamuda Land trú trọng mảng xanh, thiết kế tiêu chuẩn sống xanh của Singapore. Tạo nên giá trị sức khỏe lớn cho khách hàng an cư tại Emerald Celadon City.
Hotline: 0917 817 *** tư vấn miễn phí 24/7.
Xem Giỏ hàng: https://duannhadat.net/chuyen-nhuong/chuyen-nhuong-emerald/","0917817888","2021-06-24"
"30074067","MỞ BÁN CĂN HỘ, SHOPHOUSE, NHÀ PHỐ VỚI CHÍNH SÁCH 0 ĐỒNG CỦA VINHOMES GRAND PARK. LH: 0906806***","Nóng quá nóng - chính sách 0 đồng của Vinhomes Grand Park.
Vin chính thức ra chính sách làm nức lòng khách hàng, bùng nổ thị trường.
1 - áp dụng trước cho các căn hộ - shophouse the rainbow.
2 - kh được vay 100% giá trị.
+ 30% đảm bảo = tài sản hiện hữu.
+ 70% đảm bảo = chính căn hộ / shop mua ở the rainbow.
3 - thời gian được HTLS.
+ Lên đến 18 tháng sau bàn giao đối với vay 70%.
+ Lên đến 15 tháng sau bàn giao đối với vay 100%.
Nhận nhà 15 - 18 tháng sau mới trả tiền.
0906806***.
Chính thức mở bán cụm s10, s6 phân khu origami vào ngày với nhiều ưu đãi:
- Chỉ thanh toán 15% giá bán (ký hợp đồng mua bán).
- Ngân hàng hỗ trợ vay 80% với lãi suất 0%, ân hạn gốc, miễn phí trả nợ trước hạn trong vòng 24 tháng.
Có ngân hàng mb bank, vietcom, techcombank hỗ trợ lh: 0906806*** (zalo, viber).
Các loại diện tích và giá bán:
- Studio (30 - 35m2) giá từ 1.5 - 1.8 tỷ (vốn tự ban đầu có 260 triệu - 300 triệu).
- 1pn + (46 - 51m2) giá từ 2.1 - 2.5 tỷ (vốn tự có từ 350 triệu - 400 triệu).
- 2pn, 2wc (59 - 67m2) giá từ 2.7 - 3.1 tỷ (vốn tự có từ 450 - 500 triệu).
- 2pn + 1, 2wc (căn góc 69m2) giá từ 3.1 - 3.6 tỷ (vốn tự có từ 540 triệu).
- 3pn, 2wc giá từ 3.7 - 4.5 tỷ (vốn tự có từ 600 triệu trở lên).
Tất cả các sản phẩm đều được tặng voucher mua xe hơi vinfast từ 70 - 200 triệu đồng.
Những điểm nhấn nổi bật ở cụm s10, s6 phân khu origami.
Nội khu the origami:
+ Các tiểu công viên theo chủ đề phong cách nhật bản.
+ Hồ cá koi và hồ thác nước nghệ thuật.
+ Hệ thống máy tập ngoài trời, chạy bộ, hồ bơi, gym, bbq.
+ Khu sinh hoạt cộng đồng, thư viện, ẩm thực...
Tại sao lựa chọn chúng tôi.
- Đội ngũ sales chuyên nghiệp, nắm rõ đầy đủ thông tin của dự án cũng như thị trường bất động sản nói chung của đại lý platinum của vingroup.
- Có kiến thức về tài chính, pháp lý để đưa đến cho khách hàng những phân tích đúng đắn và chính xác nhất về dòng tiền mua bán.
- Có kinh nghiệm hơn 5 năm phân phối các dòng sản phẩm của vinhomes.
Ví dụ:
Đợt 1: Cọc 50tr lấy căn ưng ý.
Đợt 2: 7 ngày sau vô đủ 10% chưa vat bao gồm 50 tr cọc: 190 tr đợt 3: Tháng 2/2021 đóng 5% có vat tương đương 120tr ký hđmb.
Bank (techcombank, mb bank, vietcombank) giải ngân 80% 2 năm ân hạn gốc và lãi suất 0%.
Quý 3,4 / 2021 nhận nhà vào ở hơn 1 năm sau mới bắt đầu trả bank.
Chỉ với 280,380,460,560, 650 tr là khách hàng có thể sở hữu studio, 1pn, 2pn thường, 2 pn góc và 3pn.
Cảm ơn các anh chị đã xem tin, anh chị có thể gọi điện hoặc add zalo em để được tư vấn và xin giỏ hàng tham khảo ạ. Lh: 0906806***.","0906806852","2021-06-24"
"30100309","CHÍNH CHỦ CẦN BÁN 2 CĂN SHOPHOUSE 74M2 NGAY TRUNG TÂM SÀI GÒN LH: 0983855***","- Chung cư cao cấp Millennium Masteri Quận 4: 132 Bến Vân Đồn, P6, Q4.
1. bán shophouse A11: Toà A căn góc lối dân cư và mặt tiền Bến Vân Đồn.
Diện tích: 74m2.
Giá bán: 16 tỷ (Kèm hợp đồng thuê 70 triệu/1 tháng, hợp đồng 5 năm với 7 - Eleven).
2. thuê và bán shophouse A10: Toà A Căn cạnh căn góc A11.
Diện tích: 92m2 Cao 7m đã mở rộng, thông tầng thành lửng lên đến 150m2 Phù hợp thuê coffees, siêu thị, văn phòng đại diện,...
Giá bán: 18 tỷ (Giá thuê 70tr/tháng).
- Vị trí cực đẹp ngay trung tâm thanh phố, view sông thoáng mát, dân cư đông đúc, an ninh tốt, tiện di chuyển các quận lân cận.
Liên hệ: Chị Kiều 0983855***.","0983855542","2021-06-24"
"30100666","CHÍNH CHỦ CẦN BÁN 2 CĂN SHOPHOUSE ĐỒNG VĂN CỐNG, QUẬN 2. LH: 0983855***","Chính chủ bán và cho thuê shophouse 8 tầng Capital Land: 1 hầm - 1 trệt - 1 lửng - 4 lầu - 1 áp mái trong đó: - 1 trệt, 1 lửng.
Lầu 1: Khu vực thương mại và tiếp khách (Commercial Area).
Lầu 2: Khu vực sinh hoạt và bếp (Dinning and Living Area).
Lầu 3: Khu vực sân vườn, khu vực thư giãn với phòng ngủ nhỏ và phòng tập Gym (Garden, Bedrooms, Gym).
Lầu 4: Phòng ngủ lớn và phòng tắm lớn (Master Bedroomsand Bathroom).
Có thêm 1 tầng áp mái: Thiết kế cho không gian trò chuyện, thư giãn, ngắm cảnh quan khu vực.
Căn số 1: Địa chỉ 144 Đồng Văn Cống, Q2.
Diện tích: 650m2.
Full nội thất có thang máy.
Giá thuê: 111 triệu/1 tháng. Giá bán: 38 tỷ.
Căn số 2: Địa chỉ 152 Đồng Văn Cống, Q2.
Diện tích: 650m2.
Giá thuê: 89 triệu/1 tháng. Giá bán: 28 tỷ.
Với trường hợp thuê: Hợp đồng từ 5 - 10 năm thuê shophouse với 2 hình thức thanh toán:
+ Hợp đồng 5 - 10 năm (3 năm đầu giữ nguyên giá, từ năm 4 tăng 5%, năm thứ 5 tăng 5% tiếp).
+ Hình thức thanh toán: Cọc 6 tháng, thanh toán 1 tháng/1 lần Hoặc cọc 3 tháng, thanh toán 6 tháng/1 lần.
Liên hệ: Chị Kiều 0983855***.","0983855542","2021-06-24"
"30236266","Bán đất mặt tiền Hồ Học Lãm, phường An Lạc, quận Bình Tân","Bán đất mặt tiền Hồ Học Lãm, phường An Lạc, quận Bình Tân
DT: 500 mét vuông thổ cư 480 mét vuông
Giá 50 tỷ
Vui lòng liên hệ chị Dung 0797545***","0797545646","2021-06-21"
"30093561","Kẹt tiền mùa dich CoVid bán gấp giảm giá cho khách còn 3.150 tỷ LH 0934055*** Phát","+ Chính chủ gửi bán nhà hẻm Bình Quới giá cũ 3.150 tỷ.
+ Diện tích 4x12.5.
+ Thiết kế 1T 1L (hẻm ba gác).
+ Giá 3,15 tỷ.
- Khu vực đáng đầu tư, chuẩn bị xây cầu kết nối qua Thành Phố Thủ Đức. Dự đoán Thanh Đa là khu đất vàng trong vài năm tới.
- Hẻm ba gác cao ráo sạch sẽ, thông thoáng, khu dân cư yên tĩnh.
- Lô góc thoáng mát, công nhận đủ, không lộ giới 1 ly, kết cấu 1 trệt 1 lửng, phòng khách, bếp, 2 phòng ngủ.
Xem nhà LH 0934055*** Phát.","0934055229","2021-06-21"
"30236306","Bán kho đường số 4 khu dân cư Nam Hùng Vương, phường An Lạc quận Bình Tân","Bán kho đường số 4 khu dân cư Nam Hùng Vương, phường An Lạc quận Bình Tân
Vị trí thuận tiện lưu thông qua nhiều quận khác
DT 5 x 23
Giá 7 tỷ 2
Hướng Đông
Vui lòng liên hệ chị Dung 0797545***","0797545646","2021-06-21"
"30215216","Cần tiền bán ngộp nhà 4x14, 1T 3L, 5PN 5WC, hẻm xe hơi thông, Phạm Văn Chiêu, Gò Vấp. LH 0905805***","- Cần tiền trả nợ ngân hàng nay tôi cần bán gấp nhà 1 sẹc Phạm Văn Chiêu - Gò Vấp.
- Diện tích: 4x14, 1 trệt, 3 lầu, 5 phòng ngủ, 5 WC, phòng bếp lớn, sân thượng.
- Giá 4 tỷ 750 triệu, Ngân hàng định giá cho vay 3,5 tỷ.
- Nhà mới hoàn toàn, tất cả tiện ích xung quanh đầy đủ không thiếu thứ gì (sát bên chợ, gần trường học, siêu thị... ).
- Đặc biệt có thể kinh doanh, buôn bán tất cả mọi ngành nghề, tương lai sẽ ra 2 mặt tiền đường.
- Xe hơi đậu trong nhà, hẻm thông thoáng.
- Hiện tại cho thuê 11tr / tháng, tầng trên để ở.
- Liên hệ thiện chí Mr Tú: 0905 805 *** để được xem nhà (chính chủ).","0905805595","2021-06-19"
"30290992","Bán gấp căn hộ Bình Tân Akari giá rẻ, nhận nhà vào ở ngay","Cần bán căn hộ Akari Bình Tân giá rẻ. Phù hợp cho các cặp vợ chồng:
- Diện tích 75m2 - 2PN - 2WC.
- Tầng trung.
- Ban công Hướng Nam mát mẻ.
- Tiện ích đầy đủ, hồ bơi miễn phí.
- Hệ thống trường học cấp 1,2,3 ngay dự án.
Tháng 8 nhận nhà vào ở ngay.
Hỗ trợ vay ngân hàng 70% với lãi suất ưu đãi, nhanh chóng.

Đặc biệt, tiện ích ngoài trời rất đa dạng, được quy hoạch đan xen với hệ thống kênh rạch vô cùng thoáng mát: Công viên sinh thái, quảng trường trung tâm, công viên cộng đồng, khu câu cá, khu thả diều, vườn bonsai, bến du thuyền, khu BBQ,... Đây đều là những địa điểm lý tưởng cho một buổi picnic của gia đình, bạn bè vào mỗi dịp cuối tuần, ngày lễ.
Giá bán 2 tỷ 595 full thuế phí.
LH Trang 0846072***.","0846072016","2021-06-19"
"30053351","Chính chủ bán gấp nhà 5x22m, 3 lầu ngay Cân Nhơn Hòa, Thủ Đức","Chính chủ bán gấp nhà 5x22m, 3 lầu ngay Cân Nhơn Hòa, Thủ Đức.
- Diện tích: 5m x 22m. Tổng diện tích 110m2.
- Cấu trúc: 1 trệt + 2 lầu + ST.
- Gồm: 1PK + Bếp + 4PN + 4WC + sâu thượng + sân trước rộng rãi để đc ô tô 52 chỗ.
- Nhà mới, đẹp. Nội thất mới và hiện đại.
- Đường bê tông 6m, ô tô vào tận nhà.
- Ngay cạnh Cân Nhơn Hòa, đối diện Khu Đô Thị Vạn Phúc.
- Giá: 5,79 tỷ (TL) Hỗ trợ vay Ngân Hàng.
- LH: 0938.936.*** Thanh Sơn.","0938936836","2021-06-19"
